0 8 3 52.18451629229982
1 13 3 13.022153016807058
2 16 2 8.588714592673586
3 21 1 24.04915744678904
4 26 1 33.047477793912805
5 31 1 44.216395543675056
6 35 1 9.86373691022937
7 42 1 85.93502520716086
8 45 1 10.708679217050188
9 46 1 23.66389157111447
10 50 3 69.9667332439789
11 56 3 59.67630884504981
12 56 2 15.733098259651602
13 63 3 8.587723194218954
14 66 1 11.811105659853505
15 69 3 98.34104291508528
16 76 3 71.10254737333224
17 79 1 49.501274034106565
18 85 3 53.73335044562717
19 91 3 78.58153116856154
20 98 2 5.249432521970887
21 102 3 45.71319357401195
22 107 3 20.52107165396394
23 112 1 9.54674872322161
24 121 3 53.65736924127222
25 127 2 45.70691245685891
26 134 1 21.327850094503898
27 140 3 78.223113464867
28 145 3 48.52533813362029
29 148 3 76.3888124035058
30 154 1 12.622478765054268
31 161 3 46.40903778934835
32 163 2 15.728860522192312
33 168 3 38.9577573790928
34 176 1 31.305292249527728
35 183 3 28.438059145062343
36 185 3 32.38245776742708
37 187 2 28.913323323058716
38 191 1 38.4719775507159
39 194 3 37.90941381467455
40 201 2 22.260868174636073
41 203 1 96.04841889368276
42 209 2 42.94475969239369
43 211 1 79.52077179543612
44 214 1 60.01426242956205
45 216 3 12.542017853015274
46 221 1 75.37886426412122
47 225 3 68.07695938167568
48 228 3 46.15230237715346
49 232 1 3.831037331229181
50 238 1 50.47050981563671
